0000000000000000000000000000000000000000000000000000000000000000000000000000000000000000000000000000000000000000000000000000000000000000000000000000000000000000
0                                                                                                                                                              0
0                                                                                                                                                              0
0                                                                                                                                                              0
0                                                                                                                                                              0
0                                                                                                                                                              0
0                                                                                                                                                              0
0                                                                                                                                                              0
0                                                                                                                                                              0
0                                                                                                                                                              0
0                                                                                                                                      0                       0
0                                                                                                                                     00                       0
0                                                                                                                                    000                       0
0                                                                                                                                   0000                       0
0                                                                                                                                  00000                       0
0                                               0        0                                                                        000000                       0
0                                      000000 00000000000000                                                                     0000000                       0
0                                  00         000000000000000                                                                   00000000                       0
0                             00              0000000000000000                                                                 000000000                       0
0             00   000   00                   00000000000000000                                                               0000000000                       0
0             00sssssssss00sssssssssssssssssss000000000000000000            ssss                    00        00        00   00000000000sssssssssssssssssssssss0
000000000000000000000000000000000000000000000000000000000000000000000000    000000000000000   000000000000000000000000000000000000000000000000000000000000000000
00000000000000000000000000000000000000000000000000000000000000000000000000    00000000000    0000000000000000000000000000000000000000000000000000000000000000000
00000000000000000000000000000000000000000000000000000000000000000000000000000              000000000000000000000000000000000000000000000000000000000000000000000
0000000000000000000000000000000000000000000000000000000000000000000000000000000000000000000000000000000000000000000000000000000000000000000000000000000000000000